SNP	N	AF	SCORE	VAR	PVAL
"5:102726073_C/T"	570	0.0192982	5.47176	3.9763	0.00606923
"2:40973289_C/T"	570	0.469298	27.7396	52.5411	0.000129753
"7:580540_A/G"	570	0.0508772	11.0096	10.6817	0.000755519
"7:580735_C/A"	570	0.0561404	11.3931	11.9133	0.000963939
"11:33422464_C/T"	570	0.0166667	5.19355	3.18027	0.00358805
"3:94975203_T/A"	570	0.325439	25.5465	46.7543	0.00018688
"12:127335883_G/A"	570	0.0517544	8.77521	9.95829	0.00542301
"4:137323780_C/T"	570	0.0192982	4.95019	3.48999	0.00805445
"14:92831272_T/C"	570	0.767544	23.4405	37.6335	0.000132899
"11:33393524_G/A"	570	0.0166667	5.19355	3.18027	0.00358805
"2:118395972_G/C"	570	0.428947	22.9397	46.1846	0.000736802
"7:585369_C/A"	570	0.0596491	11.4956	12.3816	0.00108715
"5:169915787_G/A"	570	0.027193	5.38856	5.57612	0.0224921
"7:582328_G/A"	570	0.0605263	12.0526	13.3286	0.000962335
"9:9206006_T/G"	570	0.210526	22.2555	32.4111	9.25916e-05
"3:19950385_C/T"	570	0.132456	14.5461	22.4597	0.0021453
"8:20523821_T/C"	570	0.166667	14.2333	30.6669	0.0101633
"9:130665077_G/T"	570	0.0596491	9.69432	12.2326	0.00557518
"3:94938828_G/A"	570	0.335088	21.6009	45.7354	0.0014028
"7:155362626_G/A"	570	0.0184211	4.26986	3.47449	0.0219809
"4:187526002_C/A"	570	0.396491	-27.2828	49.8566	0.000111581
"9:18973653_G/A"	570	0.608772	27.4383	52.1032	0.000143972
"3:94984650_T/C"	570	0.329825	23.8953	46.8321	0.000479903
"2:41001812_C/T"	570	0.436842	23.8971	47.35	0.000514983
"1:44509818_A/T"	570	0.0342105	5.74094	6.34904	0.0227031
"3:94963466_C/T"	570	0.328947	24.7349	46.8282	0.000300847
"3:20072654_C/T"	570	0.157018	16.4608	25.5012	0.00111548
"15:27587764_A/G"	570	0.109649	17.3228	18.4047	5.39393e-05
"3:94965589_G/A"	570	0.328947	24.7349	46.8282	0.000300847
"5:102973337_A/G"	570	0.0350877	6.26634	6.46641	0.0137305
"11:21874253_T/C"	570	0.646491	21.4643	47.2207	0.0017868
"3:94966599_A/G"	570	0.328947	24.7349	46.8282	0.000300847
"8:20547331_C/G"	570	0.166667	14.3215	30.6794	0.00972007
"7:106726214_G/A"	570	0.450877	32.9526	50.7994	3.77527e-06
"3:94940998_C/A"	570	0.320175	19.4869	45.455	0.00384795
"2:53715939_C/T"	570	0.289474	23.4511	41.5208	0.000273263
"3:94983399_G/A"	570	0.330702	24.2968	47.223	0.000406729
"3:95044652_C/T"	570	0.664912	-24.5469	47.4075	0.000363709
"13:48111575_A/G"	570	0.688596	21.2368	45.6979	0.0016807
"4:137257730_T/C"	570	0.0184211	4.76027	3.36339	0.00944173
"11:33327476_A/G"	570	0.0166667	5.19355	3.18027	0.00358805
"7:44335828_C/T"	570	0.113158	18.47	21.585	7.02363e-05
"1:76837471_C/T"	570	0.684211	28.8131	48.1385	3.2839e-05
"3:55574820_A/G"	570	0.2	20.5395	32.7152	0.00032941
"9:9197298_G/A"	570	0.19386	19.0454	28.8411	0.000390584
"3:94964689_A/G"	570	0.328947	24.7349	46.8282	0.000300847
"4:137333269_T/A"	570	0.0166667	4.42202	3.11482	0.0122258
"12:47361547_C/T"	570	0.412281	29.3961	52.1415	4.68185e-05
"3:94989440_C/A"	570	0.328947	23.3956	46.8776	0.000633052
"13:48097289_G/A"	570	0.684211	22.6538	45.9558	0.000832589
"2:118369787_G/A"	570	0.407018	26.0667	45.9669	0.000120699
"3:94974822_T/C"	570	0.329825	23.8953	46.8321	0.000479903
"1:44498974_C/T"	570	0.0342105	5.74094	6.34904	0.0227031
"2:40950582_A/G"	570	0.467544	26.2373	53.0093	0.000313777
"4:7383470_C/G"	570	0.194737	-22.6897	32.9653	7.75489e-05
"3:40590533_C/T"	570	0.0149123	4.5348	2.81583	0.00688338
"12:131767379_G/C"	570	0.0201754	5.77451	4.0775	0.00424059
"3:20048111_G/A"	570	0.119298	15.3955	21.1296	0.000810275
"7:106721919_A/C"	570	0.45	32.6394	50.5705	4.43694e-06
"12:38773052_G/A"	570	0.0263158	3.89767	5.39798	0.0934245
"3:94964936_T/C"	570	0.328947	24.7349	46.8282	0.000300847
"9:22945119_A/G"	570	0.471053	27.2039	54.6383	0.000232967
"7:134329495_A/G"	570	0.0429825	8.20919	7.70214	0.00309666
"3:40595584_G/A"	570	0.0149123	4.5348	2.81583	0.00688338
"13:48106768_A/T"	570	0.681579	21.8321	46.8173	0.00141908
"1:93486547_C/G"	570	0.0166667	4.72945	3.12152	0.00743133
"2:41003721_T/C"	570	0.442105	27.1526	48.7558	0.000100808
"3:94969198_C/T"	570	0.323684	24.0946	46.8888	0.000433634
"12:38404621_A/T"	570	0.0105263	2.20226	2.00785	0.12014
"9:9197324_G/A"	570	0.19386	19.0454	28.8411	0.000390584
"3:55567619_G/A"	570	0.161404	17.46	27.8029	0.000928616
"4:186627441_T/G"	570	0.24386	22.2176	37.8347	0.000303801
"12:47344791_G/A"	570	0.42193	26.274	52.2115	0.000276727
"9:9205112_A/C"	570	0.209649	22.0765	32.3746	0.000104469
"11:133593110_T/A"	570	0.144737	5.82824	26.5292	0.257822
"3:94981125_G/A"	570	0.323684	23.6833	46.5203	0.000515969
"12:47336015_T/C"	570	0.422807	26.6353	52.0866	0.000223741
"18:55771653_G/A"	570	0.428947	12.4373	48.4659	0.0740139
"3:65304598_T/C"	570	0.0754386	9.94293	13.5981	0.00701051
"7:44349675_G/T"	570	0.110526	17.6174	21.2758	0.000133764
"2:40982321_A/G"	570	0.500877	25.7106	51.8089	0.000354282
"3:55565003_A/G"	570	0.142105	13.2283	25.5533	0.00887437
"2:40950002_T/C"	570	0.468421	26.6595	52.8072	0.000243841
"7:106763058_G/A"	570	0.450877	32.9526	50.7994	3.77527e-06
"8:12785652_C/A"	570	0.0517544	10.0903	10.5795	0.00192075
"3:94976892_T/C"	570	0.328947	22.9177	46.6264	0.000790067
"2:157380316_G/A"	570	0.027193	5.36588	6.55272	0.0360656
"2:157413751_T/C"	570	0.14386	13.1543	26.3853	0.010441
"6:160432273_T/C"	570	0.0289474	6.01036	5.24059	0.00865248
"5:16517373_G/A"	570	0.0982456	16.1095	16.8269	8.59544e-05
"13:95657892_A/C"	570	0.0236842	5.21835	4.18289	0.010726
"7:106762739_C/T"	570	0.450877	32.9526	50.7994	3.77527e-06
"1:44500750_A/C"	570	0.0342105	5.74094	6.34904	0.0227031
"7:44331821_T/C"	570	0.113158	18.47	21.585	7.02363e-05
"7:11766879_A/G"	570	0.834211	-18.1199	28.4343	0.000678566
"14:104895028_G/C"	570	0.258772	-31.1649	43.2848	2.16974e-06
"5:16584077_G/A"	570	0.10614	15.1286	20.2781	0.000780622
"3:94953387_G/T"	570	0.326316	23.9367	46.2674	0.000433074
"2:40980000_C/G"	570	0.496491	24.6561	51.4667	0.000588498
"3:94954960_A/G"	570	0.326316	23.9367	46.2674	0.000433074
